6 0.8212276260738534 0.13671875 0.225123909995051 0.18125
6 0.6394486815917773 0.11171875 0.19510221732199753 0.2046875
6 0.20763543758467104 0.05625 0.2808958751693421 0.1125
6 0.8149377617586451 0.31484375 0.20160452283992142 0.1796875
6 0.594710470940042 0.3015625 0.23621854025277605 0.2140625
6 0.2508785837849124 0.3 0.3288907191310198 0.253125
6 0.8341325763216805 0.53203125 0.1724902329258299 0.190625
6 0.6552296483479478 0.5171875 0.2422228787873868 0.209375
6 0.3234031162357723 0.52109375 0.3058626549066686 0.2609375
6 0.84342344640264 0.72421875 0.21171650723608942 0.19375
6 0.5838027849372507 0.71953125 0.2615328007682255 0.2796875
6 0.22906437528088378 0.76328125 0.3246945420617983 0.2625
