6 0.80625 0.21328125 0.14765625 0.18125
6 0.8140625 0.37734375 0.171875 0.15234375
6 0.875 0.76796875 0.1703125 0.23984375
6 0.64375 0.21328125 0.14765625 0.16015625
6 0.6390625 0.41171875 0.178125 0.1890625
6 0.61328125 0.7203125 0.20625 0.26640625
6 0.44921875 0.1890625 0.16171875 0.13359375
6 0.44765625 0.35078125 0.171875 0.19453125
6 0.41875 0.64765625 0.2140625 0.2453125
6 0.27578125 0.175 0.16015625 0.16796875
6 0.26015625 0.4078125 0.2359375 0.20234375
6 0.19296875 0.725 0.2140625 0.26171875
