6 0.2715254136866324 0.8554757955267958 0.21247026206571756 0.184126262074194
6 0.4404837448121584 0.8341366899582349 0.18817959019601868 0.20371133636823088
6 0.8500769996214819 0.8284750940230925 0.2776240361123346 0.21724029044572363
6 0.24227687938839626 0.689751507126136 0.19204863466105584 0.18041022868809903
6 0.4442287597882829 0.6502474232651874 0.2276240361123346 0.2157854390337981
6 0.753464861332229 0.5700835839939626 0.31180062867060593 0.2572575366848001
6 0.18308538474587385 0.49518080469799575 0.16581351687504098 0.18901233887551355
6 0.3478646473597456 0.4661428593959916 0.2321478450053421 0.21123433135366607
6 0.6453274352013608 0.3847575009244368 0.29014388347992953 0.26287103919208266
6 0.13637653193598345 0.3221441214701855 0.20347720798203356 0.1947909774344579
6 0.37213049346139604 0.26523357726353797 0.2500645205032381 0.27731397241989286
6 0.6837450613400782 0.14120607772575638 0.30900301088459126 0.2665416084715548
